=== RELATORIO DE TRAFEGO SQUAD TINDERCHECK - MARCO 2026 ===
Data da Analise: 13/03/2026 21:03:51

       Ad Name  Spend  Imprs  Clicks  Purchs  CTR (%)  CPC ($)  CPA ($)
      AG7-IMG3 409.01   4916     614      20    12.49     0.67    20.45
          ANG8  44.06    665      51       1     7.67     0.86    44.06
           AG8  37.97    488      52       2    10.66     0.73    18.98
      AG7-AD20  33.25    419      41       0     9.79     0.81     0.00
     AG7-AD4-C  25.16    350      41       0    11.71     0.61     0.00
    AG7-AD10-A  23.55    301      66       0    21.93     0.36     0.00
      AG0-AD21  20.01    162      38       0    23.46     0.53     0.00
      AG0-AD20   8.74     92      20       0    21.74     0.44     0.00
 AG7-IMG3-V3-A   7.51     56       8       0    14.29     0.94     0.00
AG7-AD4-C-41-C   7.27    100       7       0     7.00     1.04     0.00
   AG7-IMG3-V1   6.40     32       5       0    15.62     1.28     0.00
      AG7-AD22   6.32     74       4       0     5.41     1.58     0.00
 AG7-AD20-C2-A   6.12     62      11       0    17.74     0.56     0.00
AG7-AD4-C-41-A   5.72     61       8       0    13.11     0.71     0.00
     AG1-AD001   5.58     46       7       0    15.22     0.80     0.00
      AG19-AD1   4.87     58      11       0    18.97     0.44     0.00
 AG7-IMG3-V3-B   4.69     25       4       1    16.00     1.17     4.69
    AG7-AD21-B   2.92     31       8       0    25.81     0.36     0.00
         IMG54   2.72     38       2       0     5.26     1.36     0.00
   AG7-AD4-001   2.66     24       5       0    20.83     0.53     0.00
   AG7-IMG3-02   1.93     17       0       0     0.00     0.00     0.00
   AG7-AD20-C1   1.86     23       0       0     0.00     0.00     0.00
     AG1-AD004   1.67      7       2       0    28.57     0.83     0.00
      AG7-30-C   1.65     18       2       0    11.11     0.82     0.00
AG7-gen-lvl-50   1.65     20       4       0    20.00     0.41     0.00
        AG0-01   1.49     23       1       0     4.35     1.49     0.00
          ANG7   1.13     22       0       0     0.00     0.00     0.00
      AG4-AD21   0.97     12       2       0    16.67     0.48     0.00
AG7-AD4-C-21-A   0.88     13       1       0     7.69     0.88     0.00
   IMG34-AD2-A   0.71     17       0       0     0.00     0.00     0.00
 AG7-AD20-C3-A   0.64      3       0       0     0.00     0.00     0.00
      IMG34-01   0.52     12       1       0     8.33     0.52     0.00
      AG19-AD4   0.38      6       1       0    16.67     0.38     0.00
    AG7-AD4-02   0.34      4       0       0     0.00     0.00     0.00
        AG0-03   0.10      5       0       0     0.00     0.00     0.00
          AD41   0.02      1       0       0     0.00     0.00     0.00
       AG21-N1   0.00      1       0       0     0.00     0.00     0.00
         ANG12   0.00      0       0       0     0.00     0.00     0.00
   IMG34-AD1-A   0.00      0       0       0     0.00     0.00     0.00
   IMG34-AD2-B   0.00      0       0       0     0.00     0.00     0.00

--- RESUMO CONSOLIDADO ---
Gasto Total: $680.47
Impressoes: 8204
Cliques: 1017 (CTR Medio: 12.4%)
Vendas: 24 (CPA Medio: $28.35)
